%create 10 matrices of numbers 0 to 9:

mat0 = [0 0 0; 0 1 0; 0 1 0; 0 1 0; 0 0 0];                       %0
mat1 = [0 0 1; 1 0 1; 1 0 1; 1 0 1; 0 0 0];                       %1
mat2 = [0 0 0; 1 1 0; 0 0 0; 0 1 1; 0 0 0];                       %2
mat3 = [0 0 0; 1 1 0; 0 0 0; 1 1 0; 0 0 0];                       %3
mat4 = [0 1 0; 0 1 0; 0 0 0; 1 1 0; 1 1 0];                       %4
mat5 = [0 0 0; 0 1 1; 0 0 0; 1 1 0; 0 0 0];                       %5
mat6 = [0 0 0; 0 1 1; 0 0 0; 0 1 0; 0 0 0];                       %6
mat7 = [0 0 0; 1 1 0; 1 1 0; 1 1 0; 1 1 0];                       %7
mat8 = [0 0 0; 0 1 0; 0 0 0; 0 1 0; 0 0 0];                       %8
mat9 = [0 0 0; 0 1 0; 0 0 0; 1 1 0; 0 0 0];                       %9



%------------------------------------------------------------------------%
%Extra numbers added: 

%0
mat01 = [1 0 1; 0 1 0; 0 1 0; 0 1 0; 1 0 1];
mat02 = [0 0 1; 0 1 0; 0 1 0; 0 1 0; 1 0 0];
mat03 = [1 0 0; 0 1 0; 0 1 0; 0 1 0; 0 0 1];

%1
mat11 = [1 0 1; 0 0 1; 1 0 1; 1 0 1; 0 0 0];
mat12 = [1 0 1; 0 0 1; 1 0 1; 1 0 1; 1 0 1];
mat13 = [0 0 1; 1 0 1; 1 0 1; 1 0 1; 1 0 1];
mat14 = [1 0 1; 1 0 1; 1 0 1; 1 0 1; 1 0 1];

%2
mat21 = [0 0 1; 1 1 0; 0 0 0; 0 1 1; 0 0 0];
mat22 = [0 0 1; 1 1 0; 1 0 1; 0 1 1; 0 0 0];
mat23 = [0 0 1; 1 1 0; 1 0 0; 0 1 1; 0 0 0];

%3
mat31 = [0 0 1; 1 1 0; 1 0 1; 1 1 0; 0 0 1]; 
mat32 = [0 0 1; 1 1 0; 0 0 1; 1 1 0; 0 0 1]; 
mat33 = [0 0 0; 1 1 0; 0 0 1; 1 1 0; 0 0 0]; 
mat34 = [0 0 0; 1 1 0; 0 0 1; 1 1 0; 0 0 1]; 

%4
mat41 = [0 1 1; 0 1 0; 0 0 0; 1 1 0; 1 1 0]; 
mat42 = [1 1 1; 0 1 0; 0 0 0; 1 1 0; 1 1 0];
mat43 = [1 1 0; 0 1 0; 0 0 0; 1 1 0; 1 1 0];

%5
mat51 = [0 0 0; 0 1 1; 0 0 1; 1 1 0; 0 0 1];
mat52 = [0 0 1; 0 1 1; 0 0 1; 1 1 0; 0 0 1];
mat53 = [0 0 0; 0 1 1; 1 0 1; 1 1 0; 0 0 1];

%6
mat61 = [1 0 1; 0 1 1; 0 0 1; 0 1 0; 1 0 1]; 
mat62 = [1 0 0; 0 1 1; 0 0 1; 0 1 0; 1 0 1]; 
mat63 = [1 0 0; 0 1 1; 0 0 0; 0 1 0; 1 0 1]; 
mat64 = [1 0 1; 0 1 1; 0 0 0; 0 1 0; 1 0 1]; 

%7
mat71 = [0 0 0; 1 1 0; 1 0 0; 1 1 0; 1 1 0];
mat72 = [0 0 0; 1 1 0; 1 0 1; 1 0 1; 1 0 1];
mat73 = [0 0 1; 1 0 1; 0 0 0; 1 0 1; 1 0 1];

%8
mat81 = [0 0 0; 0 1 0; 1 0 1; 0 1 0; 0 0 0];
mat82 = [1 0 1; 0 1 0; 1 0 1; 0 1 0; 1 0 1];
mat83 = [1 0 1; 0 1 0; 0 0 0; 0 1 0; 1 0 1];

%9
mat91 = [1 0 1; 0 1 0; 0 0 0; 1 1 0; 0 0 1];
mat92 = [0 0 1; 0 1 0; 0 0 0; 1 1 0; 0 0 1];
mat93 = [0 0 0; 0 1 0; 0 0 0; 1 1 0; 0 0 1];
mat94 = [1 0 1; 0 1 0; 1 0 0; 1 1 0; 0 0 1];
mat95 = [0 0 0; 0 1 0; 0 0 0; 1 1 0; 1 1 0];